0 9357
1 6169
3 2663
3 5299
3 5368
4 2173
6 7414
9 2000
9 3920
9 6294
9 8439
9 8666
11 8073
13 4001
13 5018
13 7653
17 3747
19 8516
21 6729
21 6988
26 3415
29 2924
30 2153
30 2767
31 7330
32 2352
32 4824
34 3991
37 7147
39 327
40 2942
40 8221
42 7255
43 2846
44 3654
45 2248
46 7275
46 9791
49 6210
50 2652
50 9518
50 9755
51 7599
51 9755
53 9707
54 7247
60 8680
62 9545
63 7696
64 816
66 4267
68 7810
69 1277
70 122
71 2883
71 3640
71 9868
72 730
72 4505
75 8227
76 828
78 218
79 3449
80 2223
80 4071
80 6942
81 3162
82 407
82 2011
82 2741
83 612
84 4783
84 5840
85 1293
85 9835
88 3458
88 4534
88 5910
88 9198
90 756
94 7702
95 476
95 5799
95 6550
96 1868
96 3904
96 5843
96 6757
96 7140
96 9350
105 894
105 6017
106 5034
107 6248
108 5497
108 7209
109 6080
110 707
110 1178
110 2589
110 4014
110 6304
113 2429
113 3337
113 5010
113 7391
113 7793
113 7849
113 8437
113 9443
116 4920
116 7651
117 2846
117 3288
117 6503
118 5347
120 411
120 8817
122 3082
122 3778
122 3921
122 4117
122 4120
122 5040
122 9855
123 2302
124 1756
126 935
128 456
128 3987
128 6700
129 6095
131 5147
132 8364
135 966
136 9795
138 8172
141 1876
141 2725
141 5778
141 7741
141 9252
141 9945
142 533
144 3649
144 9248
145 949
145 6194
145 9171
146 1162
146 6639
151 4447
152 572
152 3939
152 8283
153 2738
156 2041
161 4127
161 6104
161 7136
162 3279
162 3282
162 7068
163 2343
167 546
168 759
168 5109
170 8394
171 4356
171 6671
174 1344
174 7114
175 3047
177 9155
178 5537
181 4314
183 7362
184 1188
184 8991
185 9141
185 9556
186 8039
188 4475
190 4312
191 9200
192 2243
192 2466
192 3599
192 4103
192 9399
193 1354
196 2944
196 4880
196 9634
199 1991
199 3772
201 1106
201 2587
202 5835
202 8016
203 845
203 951
203 1674
204 809
204 7387
207 7330
210 7782
212 5489
213 5012
214 7660
215 7208
217 2456
218 1866
219 8392
220 7051
221 1212
222 3517
222 8372
222 9620
223 2958
223 6648
224 7506
230 3449
232 6306
236 7462
238 7481
238 7504
238 8945
241 2613
241 4178
241 4651
242 4748
242 5071
245 6293
248 8492
249 2340
249 4892
249 6034
249 9827
250 2328
251 4345
255 5124
258 930
259 8410
260 1178
260 3287
262 1885
265 5089
265 5339
267 7518
270 3390
270 5242
271 3643
272 2016
273 2052
273 2470
273 3861
275 3934
275 4197
275 4360
276 829
278 1957
280 9355
282 6645
282 7190
283 854
283 9743
288 1943
289 1076
289 1143
289 9039
291 9503
293 674
293 4146
297 4460
298 2287
298 7616
301 4018
303 2835
305 2707
305 5936
306 1708
307 3376
307 6012
309 7768
310 322
311 4077
316 2744
316 2972
316 5470
316 7291
317 4567
320 9585
322 8492
323 8505
325 9277
326 1534
327 1332
327 3834
329 3556
329 6159
331 768
331 8497
331 9689
332 5864
332 8584
332 9086
332 9601
333 1391
336 9444
337 8337
342 9049
342 9457
343 6868
343 7247
344 1177
344 8647
345 5122
346 9932
347 559
347 994
347 3824
347 4573
351 5782
351 6068
351 8504
352 701
353 4244
353 5994
355 8464
357 1954
358 7727
362 2423
362 4479
362 4831
362 5019
363 1220
363 8507
364 2402
364 8676
366 1172
366 9638
369 4656
369 9115
373 2973
373 3292
376 8097
376 8882
377 5478
378 1733
379 533
380 2624
380 8819
381 6011
382 9600
385 4738
387 2677
391 2267
391 6638
395 1308
396 455
396 9344
397 3049
397 6938
397 9286
398 6526
398 8211
399 2664
401 6026
401 9806
402 507
404 2712
405 6005
407 9313
409 661
409 1449
409 6577
411 4341
412 6754
413 2316
414 5639
415 7389
419 3649
420 1054
425 7806
425 8588
426 3414
426 6094
427 6761
427 8416
430 2297
430 8917
431 3475
431 4301
433 914
433 9234
434 2162
434 5568
440 6647
441 5424
445 1377
447 4147
447 6547
455 1005
455 4394
457 4227
458 1147
458 2037
460 2311
460 6823
461 8208
462 1656
462 2163
462 2227
463 3626
463 4031
463 5567
464 3495
465 7456
465 9141
467 6339
467 7014
468 2367
468 5324
468 7180
469 8664
470 6028
471 2193
473 4801
474 706
476 1415
476 6621
477 5602
477 7120
478 4409
480 9184
481 4682
481 8640
481 9081
484 988
484 8856
487 2536
487 4014
487 6329
489 4598
490 4095
491 5272
492 1455
492 3376
492 7523
492 7669
492 9422
494 3465
495 4865
495 5058
497 1293
497 8552
503 3207
504 6208
504 7683
505 2537
505 3286
505 7742
505 7855
506 1060
506 2997
507 2607
511 9045
512 4664
514 2915
516 2409
518 4939
519 3154
519 7855
521 2999
524 993
524 2029
524 2604
524 6418
524 9022
525 8945
526 3592
527 5979
527 9749
527 9784
531 9640
533 3487
535 3269
535 8224
540 3396
540 9459
541 3878
544 623
544 1614
544 9607
544 9990
545 3396
545 4723
546 9372
548 4757
548 6390
549 7974
550 6084
550 9177
552 6437
554 6538
555 1756
556 9491
557 3520
557 4752
557 7702
557 8425
559 5115
559 9528
560 7574
561 892
561 7090
561 7380
563 7035
564 4765
565 1570
565 4319
566 4626
568 3933
568 7976
570 2338
570 7114
570 8298
571 1850
572 5215
573 1759
576 3274
576 8503
577 2641
577 8893
582 3644
582 9013
582 9979
583 3163
584 6246
584 6806
584 8934
585 1757
587 1049
587 1711
587 5853
587 9540
590 1850
590 3642
590 4672
592 6510
593 2854
593 6050
593 6366
594 8491
596 863
596 4578
596 5018
596 8680
597 4557
597 8743
599 8284
600 9451
601 6048
602 2692
603 6621
604 8990
606 4550
606 7381
610 5065
614 6157
615 8999
618 5363
619 1374
622 8085
622 8656
623 1176
623 2112
623 6545
625 7702
628 2469
628 3119
628 7639
628 7653
628 7966
633 2752
633 4686
633 8743
635 6248
636 2316
637 8664
642 6328
643 2737
643 8905
651 9550
651 9975
653 7356
654 6831
657 959
657 1595
657 4567
657 5863
661 1936
661 5396
662 3442
662 4364
662 4635
662 9476
664 1289
666 6942
667 5600
668 3987
668 9297
669 8279
670 9135
670 9641
671 7593
673 4705
673 7297
674 3583
674 4776
674 8290
676 4309
679 1087
679 2746
679 7423
682 4279
683 847
684 6801
684 8838
688 3223
692 8347
697 6552
698 2077
698 3659
699 1601
699 6132
700 3296
701 3903
704 928
704 1241
707 3430
708 6037
709 8146
710 3942
712 1479
712 7874
715 1762
715 6050
715 9460
717 3279
717 5634
717 5763
718 2710
721 1623
721 2376
721 5161
722 8326
725 8062
727 9655
728 8649
730 6501
730 8854
732 4743
733 2989
733 5004
734 9169
737 5299
737 7911
738 1865
739 2390
739 2692
744 1444
744 6300
745 6730
746 9429
747 2313
747 4151
748 7018
749 815
749 2247
752 4779
752 6739
754 2681
754 5504
754 8184
756 5013
756 6367
756 8808
758 6335
760 8771
765 1287
765 1689
765 5103
765 5160
765 5936
765 8788
766 3076
766 8318
769 978
769 1394
769 9028
770 4301
770 8869
771 2018
776 4673
777 7655
780 1570
780 6335
780 7489
780 7782
780 8021
782 8992
784 8442
788 1811
788 2461
788 4458
788 6214
790 5317
792 9750
793 6339
793 6563
793 7064
794 9062
796 7046
796 7160
796 7525
796 7881
799 5388
800 9332
801 3422
801 7253
801 7421
801 9786
802 3588
803 2446
803 7187
804 3053
805 1529
805 8604
806 7626
807 2793
807 6374
807 6587
808 5111
808 7138
808 7418
809 5414
809 5916
810 2437
810 9160
812 4203
812 4204
813 6634
814 3052
815 8101
815 9941
816 6015
816 7017
816 8212
816 9604
817 3182
817 6063
818 5219
818 9135
819 1377
821 1864
821 2606
821 5843
822 1032
822 1177
822 1570
822 5018
823 4104
825 3418
826 5089
826 8209
827 5235
827 8037
828 2377
828 4156
828 4743
832 5667
832 6936
832 9418
833 1493
833 2847
833 6425
834 2096
835 1491
835 6885
841 9573
842 8475
843 6318
847 1063
847 2324
847 7140
847 8326
848 5571
849 6764
852 9305
853 7219
855 897
855 4288
855 5604
860 6604
864 2576
864 4043
865 2200
865 2527
866 1103
866 1283
867 9372
871 5558
871 8627
872 1592
872 5704
872 8503
873 8450
878 1059
878 3844
878 4847
879 1711
879 4796
879 9616
881 7539
881 9838
883 3273
884 4034
884 8373
886 8401
886 9504
887 6234
889 7580
890 3933
890 6376
891 5005
894 4055
894 4580
896 4918
899 1496
901 1314
901 4968
901 7382
905 9276
907 6286
908 8399
909 2102
912 5109
913 4723
913 6174
913 6508
914 5582
914 5760
914 6049
916 7056
922 1520
922 6336
922 6428
928 3075
929 1101
929 3874
930 5575
931 9278
932 5892
933 5170
934 1817
934 8071
935 6141
939 7477
940 2670
940 7098
942 2544
942 7247
943 5152
945 9422
946 2048
949 5419
949 6938
950 3806
951 1779
951 5504
951 7912
951 8319
951 8799
952 1333
952 4988
952 5122
952 6988
952 8761
954 1002
959 3007
960 2263
961 2635
969 7512
970 6362
970 8881
971 7773
972 1616
972 2394
972 5244
972 7665
976 3619
976 5934
977 9098
979 2977
979 5870
980 5415
980 5584
981 6023
981 8650
982 2065
982 8821
989 6985
990 5524
993 4502
993 9520
994 9456
995 4955
996 9415
997 9896
998 3021
999 5002
999 6775
999 9870
1004 4045
1005 1935
1005 4045
1005 7121
1005 7754
1006 4045
1007 3574
1007 9654
1008 1526
1008 3002
1009 9799
1010 6654
1011 7829
1011 9954
1013 3454
1019 2227
1019 7208
1021 3501
1021 3947
1023 3065
1023 4647
1023 5577
1023 6516
1024 8582
1026 2545
1026 8588
1032 3229
1032 5550
1032 5933
1032 7321
1033 6691
1033 6947
1036 1332
1036 2562
1036 2925
1036 6116
1036 7270
1036 7593
1040 4820
1040 4963
1040 7228
1042 3218
1043 9422
1044 2449
1048 3994
1052 9880
1053 2977
1054 8978
1055 8279
1056 3950
1059 8843
1060 3173
1066 1222
1072 9456
1073 2981
1074 4611
1075 8059
1076 6689
1077 3859
1077 9637
1078 1865
1078 4384
1079 1986
1082 8604
1087 8441
1091 2904
1091 3782
1094 5312
1095 1283
1100 6913
1102 7286
1104 3520
1106 6993
1112 4093
1114 1795
1115 2373
1117 5991
1121 1828
1121 3893
1123 4034
1124 1893
1124 3876
1124 6547
1124 7004
1124 8178
1126 3517
1129 1239
1129 2007
1130 8448
1131 4761
1133 1943
1133 4616
1133 5615
1133 8496
1135 8761
1136 8444
1136 8445
1136 9035
1137 2408
1137 4134
1137 8963
1138 7006
1139 2018
1140 4133
1140 5434
1142 4887
1142 7122
1143 6231
1145 5037
1146 5553
1146 8674
1148 1645
1149 7024
1151 7148
1153 6948
1155 4069
1155 6957
1155 9816
1156 6958
1160 5549
1160 9751
1161 3886
1161 6483
1165 7601
1166 2131
1167 7247
1168 5898
1168 6960
1170 1400
1171 6280
1174 3720
1175 3676
1175 4649
1177 1675
1177 2658
1178 7535
1179 6764
1181 7348
1182 5441
1182 5792
1184 3949
1185 3230
1189 3201
1193 1909
1194 2738
1194 4557
1194 9604
1194 9685
1197 7003
1197 8623
1200 6906
1201 2352
1202 5644
1206 2199
1206 6066
1210 8507
1210 9712
1211 4264
1214 9314
1215 8900
1218 2012
1218 2031
1221 6471
1221 9848
1223 7617
1224 2089
1224 5571
1225 1278
1226 2059
1228 4699
1231 6430
1233 3185
1233 9989
1234 4015
1235 2847
1236 1461
1237 3050
1241 7790
1241 8125
1247 8479
1248 5019
1250 4659
1250 6617
1251 2209
1253 7782
1253 9504
1254 2293
1254 5150
1254 7782
1254 9330
1255 6746
1256 4451
1256 6748
1258 2189
1261 3279
1266 1774
1266 2088
1266 8633
1267 2254
1267 3865
1267 6087
1268 8507
1268 9591
1270 7352
1272 5691
1273 7152
1274 7318
1275 6655
1276 9079
1277 9682
1278 5802
1278 6739
1280 1678
1280 1705
1281 2883
1281 8602
1283 1594
1285 8198
1286 4441
1286 8339
1288 8799
1289 4026
1289 4276
1291 6395
1292 4351
1294 7969
1294 8488
1295 3026
1296 6093
1296 7169
1298 1880
1298 8529
1299 7111
1302 4899
1304 7487
1305 1555
1306 3876
1306 8678
1307 5602
1308 9950
1309 8864
1310 4324
1311 5551
1314 6557
1314 7871
1314 9298
1314 9951
1315 7179
1315 8372
1315 9035
1321 8553
1323 2837
1324 3297
1325 5515
1325 9765
1328 2153
1328 3284
1328 5582
1328 9132
1329 3325
1329 6757
1330 4705
1330 6697
1330 8421
1332 7928
1333 6330
1333 7913
1333 9581
1335 7591
1337 6947
1338 7802
1339 6118
1340 1412
1341 7378
1342 1964
1345 1996
1345 2307
1346 4003
1346 5571
1346 5848
1346 6832
1347 6408
1348 2475
1349 8735
1351 2836
1352 3371
1352 4798
1354 1410
1354 4883
1356 5127
1359 8683
1360 8478
1364 2659
1366 9073
1368 8791
1370 2207
1372 6957
1374 1449
1374 3050
1374 9952
1378 4165
1378 5336
1378 5881
1379 4245
1379 6267
1380 1698
1381 3160
1384 3695
1384 5846
1384 7136
1385 7095
1385 8337
1386 2318
1386 3771
1387 7522
1389 4976
1392 6377
1392 8360
1393 6210
1394 7903
1394 8962
1394 9313
1397 6428
1399 3772
1401 5597
1402 5500
1407 3045
1409 3045
1410 6185
1411 1915
1411 2336
1411 7180
1412 3266
1412 8621
1414 1778
1415 2324
1415 3042
1418 7834
1418 9045
1419 2805
1419 8893
1419 9496
1420 1461
1420 3526
1422 2781
1422 3963
1426 2204
1427 2056
1427 6525
1427 6876
1427 9974
1428 8372
1430 2245
1430 9731
1431 2642
1431 7608
1432 8973
1433 6623
1433 8996
1434 2271
1435 2584
1435 4585
1435 8194
1438 3317
1438 9327
1439 1592
1439 2578
1442 9335
1443 5953
1444 2501
1444 5127
1446 3966
1446 7236
1447 3142
1447 7516
1448 1540
1449 3734
1452 8785
1454 5427
1457 1512
1457 9989
1458 1596
1458 7855
1458 8327
1458 8582
1459 3865
1460 6872
1462 2537
1463 4762
1463 9204
1464 6037
1465 5443
1465 8661
1468 4055
1470 2075
1470 6829
1470 8362
1470 9413
1472 3349
1473 2364
1473 4310
1474 4977
1480 5780
1482 3726
1482 4931
1482 7840
1482 9296
1483 6790
1484 9575
1486 7862
1488 2390
1489 2486
1490 4046
1491 7514
1492 9263
1493 7923
1493 9708
1494 9156
1495 9491
1499 7575
1499 9958
1500 5915
1500 7467
1500 9368
1503 2978
1503 3758
1504 3799
1505 7469
1505 9154
1507 1515
1508 8445
1508 9431
1511 2850
1511 4630
1511 5840
1511 7104
1516 3497
1517 6882
1517 9595
1519 1676
1519 1695
1521 6027
1523 5009
1525 5269
1526 4046
1526 6159
1526 7483
1529 3096
1529 7289
1529 8600
1530 3036
1530 3123
1532 4860
1536 9625
1536 9761
1538 8363
1542 8768
1542 8928
1544 6825
1544 8540
1548 8787
1549 4724
1552 5098
1559 1785
1563 5990
1564 1894
1564 4837
1564 5642
1566 9759
1567 3604
1567 8676
1568 8175
1569 4086
1570 5709
1573 7829
1578 8653
1580 5512
1580 6318
1580 9341
1581 8934
1584 3149
1584 4318
1585 3902
1589 2734
1589 4450
1590 3889
1591 4615
1592 9748
1604 1944
1608 1679
1608 4623
1611 2173
1613 6483
1613 8790
1613 9967
1615 6800
1616 3528
1617 4977
1617 6017
1619 6870
1621 7250
1621 7865
1622 4023
1622 9257
1622 9518
1623 8211
1624 8340
1626 3147
1626 5474
1626 6190
1628 5928
1628 6682
1633 9749
1637 9049
1639 6018
1640 2742
1640 4450
1641 6277
1641 7870
1643 4187
1644 1806
1645 7299
1646 7840
1648 5841
1649 7855
1650 4390
1650 5222
1650 9183
1652 4422
1655 3167
1655 5618
1655 7471
1661 5214
1661 8884
1662 6136
1666 5339
1666 7330
1668 5690
1669 9536
1670 4634
1670 9675
1671 6774
1672 7276
1673 6283
1673 9828
1675 3034
1679 2228
1679 8746
1681 4018
1681 5133
1682 6612
1683 2324
1684 5552
1684 7176
1685 5179
1685 6075
1686 3841
1686 9827
1691 5547
1691 7419
1692 6069
1693 5985
1694 4907
1694 8740
1701 2865
1701 3732
1702 3954
1705 3528
1705 3621
1705 4652
1705 6834
1706 2405
1706 3697
1706 9167
1706 9640
1711 9609
1712 7357
1715 8787
1716 2474
1716 5769
1716 6772
1716 7687
1716 7893
1716 9039
1716 9319
1719 3901
1719 4980
1722 7828
1723 3799
1725 6373
1726 5301
1726 6353
1726 9252
1727 5760
1727 8454
1728 8283
1731 8433
1732 5022
1732 9186
1734 6159
1737 8666
1744 7205
1745 6236
1746 9625
1749 5886
1749 7461
1749 9494
1749 9690
1751 4240
1751 8560
1752 3755
1752 8130
1753 7757
1754 9607
1756 3463
1756 9372
1757 3548
1758 2748
1758 5601
1760 6729
1762 6861
1763 8618
1765 6366
1768 5089
1769 8925
1770 4045
1771 5507
1773 9519
1774 3338
1774 6630
1776 5886
1777 1836
1777 2264
1777 4166
1777 8509
1778 2023
1778 2582
1778 4479
1778 6734
1779 4987
1779 8600
1779 8679
1780 7305
1782 6383
1783 2838
1783 3486
1784 7134
1788 2417
1789 2580
1789 4483
1789 7050
1790 8432
1794 5955
1795 7051
1795 9394
1798 4557
1798 9573
1802 5345
1803 9804
1806 3034
1811 3354
1811 7223
1811 9355
1812 4968
1812 8107
1813 2178
1813 7023
1814 5894
1814 9588
1817 4511
1819 6112
1821 6729
1822 2824
1824 6415
1824 6869
1824 9465
1825 2941
1825 6871
1828 2509
1828 3647
1828 5376
1830 7191
1831 2100
1835 2327
1835 9921
1840 2594
1840 9209
1841 2955
1844 7978
1845 4024
1846 2725
1847 3906
1847 5307
1847 8831
1849 9963
1850 2128
1850 3737
1850 4691
1850 6161
1850 6190
1851 3049
1851 9199
1854 4766
1855 5135
1856 4890
1856 7291
1857 4765
1858 8291
1860 5528
1864 9282
1866 5018
1867 4888
1867 9935
1868 7668
1874 2946
1876 9879
1879 4383
1880 2086
1883 4351
1885 2051
1885 5831
1890 5485
1892 2431
1892 4483
1892 5778
1892 7280
1893 7626
1893 8378
1894 4521
1894 6075
1894 7940
1894 8430
1897 7188
1898 6215
1898 7251
1903 4470
1905 7807
1906 5380
1906 7587
1907 3889
1910 2410
1910 5493
1910 8164
1910 8280
1911 9268
1912 2008
1913 8355
1913 9467
1914 8081
1916 7641
1917 6373
1918 4888
1918 7605
1920 2045
1920 3776
1922 4801
1923 7601
1926 4530
1926 5692
1926 7240
1929 7104
1930 7078
1930 7080
1930 7667
1931 3359
1931 5136
1931 6351
1931 8541
1933 4451
1934 5309
1934 9403
1936 3980
1936 7365
1937 8099
1942 7255
1943 7476
1944 3647
1944 4892
1944 6096
1945 1946
1946 7485
1946 7708
1946 7894
1947 2907
1948 6714
1948 7894
1949 2284
1952 6141
1952 7246
1957 6430
1959 4184
1960 3684
1960 6151
1961 3256
1962 2907
1962 8691
1963 3249
1964 4032
1966 2227
1970 3518
1971 7160
1971 7561
1971 8457
1972 9825
1974 5192
1974 6718
1974 8025
1975 6643
1978 7234
1979 3375
1980 3740
1988 6500
1988 8373
1992 7484
1994 2811
1995 4841
1997 5627
2000 5157
2001 2577
2001 4448
2004 4332
2005 7970
2006 8675
2007 4186
2007 5082
2009 8149
2009 8659
2010 5751
2011 3066
2012 2725
2015 6979
2016 2132
2016 3049
2016 4560
2016 9453
2018 7023
2018 8091
2019 6371
2020 2711
2020 7273
2022 2416
2022 3865
2022 5019
2025 2195
2025 3196
2025 3306
2025 5179
2026 4860
2027 5197
2029 2936
2030 2967
2031 9325
2032 3884
2032 4972
2032 8070
2034 2676
2035 3097
2036 3318
2037 6665
2037 7490
2041 9569
2042 3512
2043 4611
2043 5553
2043 8211
2044 3065
2048 7133
2052 7340
2053 2353
2056 2237
2058 3315
2060 7410
2064 6021
2065 6630
2065 8905
2067 8227
2070 4084
2072 2470
2072 4886
2073 5157
2073 5701
2073 6937
2074 4511
2077 3990
2078 8857
2079 5204
2079 5596
2079 6176
2079 6792
2082 7147
2084 7610
2086 4282
2087 5299
2087 8529
2089 4064
2089 6751
2091 7859
2092 4064
2093 3576
2094 8991
2095 4046
2098 6577
2100 6718
2101 2995
2105 2995
2106 7365
2109 4753
2110 5461
2111 2440
2111 3121
2111 6058
2112 6058
2113 3364
2115 4470
2116 6476
2116 8395
2118 4990
2119 3165
2119 8538
2123 3767
2124 3471
2124 8081
2128 8576
2129 4102
2129 7742
2129 7831
2131 5887
2131 8379
2132 4818
2134 3852
2137 8030
2139 5425
2141 7099
2142 8859
2143 3276
2145 6242
2147 6652
2149 8602
2150 5317
2151 2741
2153 2162
2153 2347
2153 5064
2154 6181
2155 9377
2158 4450
2159 8977
2160 4406
2160 8977
2164 7005
2165 2938
2165 7255
2166 5083
2166 7084
2166 8682
2166 9203
2171 8881
2173 5725
2176 2491
2179 9527
2180 2912
2180 5589
2182 4613
2185 4060
2185 4423
2185 6407
2185 9696
2186 4915
2186 6074
2186 9732
2188 4203
2189 8077
2194 6837
2194 8186
2197 9595
2199 9988
2200 2970
2200 4523
2200 9868
2204 3926
2205 6001
2206 2215
2206 8699
2207 5634
2208 3366
2208 4685
2209 3248
2209 4834
2211 9160
2212 2611
2212 6304
2215 4323
2216 8589
2217 2955
2217 3246
2217 3307
2217 6533
2219 8724
2220 7200
2220 8365
2222 7341
2222 8381
2225 7180
2227 2386
2228 2333
2228 7047
2228 7723
2229 7966
2230 3593
2230 4838
2230 5610
2232 5434
2233 9021
2235 4195
2235 9292
2236 7365
2238 3434
2247 8730
2252 5615
2252 7180
2252 9217
2253 4330
2253 5785
2253 6449
2254 3611
2254 9021
2254 9650
2255 2584
2256 5508
2258 8077
2259 5709
2259 8452
2260 5284
2260 5838
2263 2674
2263 4154
2264 4333
2266 8985
2267 7593
2270 7834
2271 6397
2273 3627
2274 5763
2274 6957
2276 7601
2278 2544
2279 3952
2280 3931
2280 5203
2280 6920
2282 5454
2284 4594
2285 7445
2285 8011
2286 3797
2292 3863
2292 5052
2292 7824
2293 5096
2293 8403
2294 4276
2294 5194
2299 3629
2300 2321
2300 8251
2301 4303
2302 3122
2302 5032
2302 5439
2302 8619
2302 8852
2302 8989
2302 9764
2303 5277
2303 8066
2306 3704
2307 4318
2309 6989
2309 7791
2311 3327
2311 9935
2313 4606
2313 6508
2313 6754
2313 7819
2313 8053
2314 3870
2314 5987
2314 9234
2318 8741
2319 3501
2319 4145
2322 2630
2322 8340
2322 8874
2325 3013
2326 2506
2327 2471
2329 2582
2332 5633
2336 5302
2336 7457
2336 7903
2337 7252
2340 7103
2343 6019
2345 6152
2347 4636
2347 5579
2348 9455
2349 2447
2349 2976
2349 5462
2351 5135
2355 9421
2356 3284
2358 8446
2361 3276
2362 9717
2363 3773
2368 3460
2369 6774
2369 8765
2370 8730
2372 5627
2373 3609
2375 5803
2381 3347
2385 4062
2385 4503
2385 5602
2386 6333
2390 3124
2390 8012
2392 6343
2393 8719
2395 3208
2395 7874
2395 9891
2396 2728
2396 8271
2398 6465
2399 3196
2399 4524
2400 2652
2400 7254
2403 9668
2404 4801
2405 5810
2408 2519
2408 3308
2408 3935
2409 2701
2410 2648
2410 3492
2410 9790
2413 8280
2413 8920
2414 8718
2416 5224
2417 5967
2417 7188
2418 2624
2418 2900
2421 4825
2423 4699
2424 3377
2430 6689
2431 5853
2432 5245
2436 2793
2436 3472
2436 4178
2436 5693
2437 6183
2437 8326
2438 5928
2441 2692
2442 2529
2443 5493
2447 3455
2447 5969
2448 7238
2448 9468
2452 3867
2452 3930
2452 4735
2453 6071
2456 8945
2457 3457
2457 8979
2459 4154
2461 6613
2462 6613
2464 5464
2466 9398
2468 3678
2469 6447
2469 9974
2473 7345
2474 4403
2477 6494
2480 5081
2482 5537
2483 8719
2484 3964
2487 3523
2487 5545
2490 3502
2491 6829
2491 7080
2492 8271
2493 5200
2494 3986
2494 4402
2494 4537
2494 6211
2494 7166
2494 7370
2495 2790
2496 4633
2496 5843
2496 9012
2498 3179
2499 3933
2501 6005
2501 9299
2503 3152
2504 3548
2504 3679
2504 4025
2505 3095
2505 9634
2506 3769
2506 5448
2506 5951
2507 3183
2507 3853
2507 6188
2508 3685
2509 5334
2511 3933
2511 7080
2511 8537
2515 2520
2515 7423
2516 3846
2516 5263
2516 6195
2516 7581
2517 9278
2520 3850
2522 5703
2522 8728
2523 5068
2523 6159
2526 6521
2526 9575
2527 9431
2531 5888
2534 5438
2534 7699
2535 3898
2536 7475
2537 4072
2538 8442
2540 7022
2540 7055
2540 7398
2540 8435
2541 5242
2541 8276
2543 4603
2544 3338
2544 6513
2544 8105
2544 9476
2545 3440
2545 4007
2549 5303
2549 6280
2549 9800
2553 6228
2554 2836
2554 3934
2554 5264
2554 6074
2554 6960
2555 2812
2555 3404
2555 6447
2556 7270
2563 8944
2563 9089
2566 9649
2568 8454
2569 3199
2569 4106
2569 5980
2569 9183
2571 3371
2572 7730
2572 8532
2573 6055
2573 8195
2576 3185
2576 7840
2576 9760
2577 3408
2578 6715
2578 7255
2578 8064
2578 8905
2580 4771
2580 6031
2581 3647
2581 8166
2588 2864
2588 9174
2591 4360
2591 4837
2594 5248
2594 5987
2596 2880
2597 5394
2600 2672
2602 4643
2602 7928
2602 8823
2603 5373
2603 5508
2603 7513
2604 3808
2606 7969
2609 7541
2610 2820
2612 4753
2613 8888
2614 4449
2615 6861
2617 4855
2617 5709
2620 2927
2622 7176
2623 8365
2625 9062
2628 2670
2630 3764
2630 4752
2630 6141
2630 8432
2633 9460
2634 7544
2638 9930
2640 5580
2640 7604
2641 6499
2641 6728
2641 8288
2643 4724
2645 8243
2647 3451
2648 3292
2648 4285
2648 7192
2648 8865
2650 6341
2651 3457
2652 3188
2652 3862
2652 8382
2652 9479
2655 6315
2655 8572
2657 8864
2658 8850
2658 9195
2661 6557
2668 4124
2669 3818
2670 3917
2671 7007
2671 9788
2674 7102
2675 7847
2677 7343
2677 8352
2678 8054
2678 8706
2678 9027
2678 9899
2678 9969
2679 3642
2679 8918
2684 3461
2684 7728
2684 9098
2685 8045
2686 3844
2686 3970
2686 4098
2689 3479
2689 5281
2691 3820
2696 5729
2698 4717
2700 8992
2700 9158
2701 8492
2706 5770
2707 6802
2707 7918
2707 8467
2709 6576
2710 5510
2711 4383
2713 5062
2713 6703
2716 8093
2717 7422
2718 3369
2718 4529
2718 6604
2720 8376
2722 2925
2723 9085
2726 5963
2735 6039
2739 8756
2741 4820
2741 8293
2742 3835
2742 3841
2742 4672
2743 5522
2743 5750
2744 8721
2746 6374
2748 8719
2752 9812
2753 4032
2753 6955
2755 6420
2757 9320
2757 9749
2758 2900
2759 4257
2762 4672
2764 2820
2764 5648
2766 5312
2767 8557
2768 3815
2771 7345
2771 9655
2773 4981
2773 5663
2776 6886
2785 8449
2788 4255
2789 8598
2789 9528
2791 6056
2791 6498
2793 4947
2795 8533
2797 3909
2797 4933
2798 8921
2800 7365
2800 9105
2801 9297
2804 8492
2805 4140
2805 7979
2805 9077
2809 4623
2813 2936
2813 3122
2813 8318
2813 9519
2816 4187
2818 4374
2820 5262
2821 3798
2824 3583
2824 4523
2826 5446
2827 4146
2828 3841
2828 9812
2836 7245
2837 7262
2837 8063
2837 8728
2838 4091
2838 8604
2841 8278
2846 7675
2847 5410
2850 5182
2850 9378
2851 7258
2851 9739
2852 3530
2852 5123
2853 4637
2854 4612
2854 5144
2854 6422
2856 3192
2858 3746
2858 4479
2858 5322
2858 9026
2860 4675
2860 9624
2860 9856
2864 2896
2865 7606
2866 5065
2866 8947
2867 5524
2868 7884
2874 6233
2875 6483
2878 3849
2881 8816
2883 8609
2883 8967
2889 7017
2890 4585
2890 7816
2892 7961
2900 4148
2900 4474
2900 4605
2900 9310
2906 3363
2906 3974
2908 6730
2909 5830
2909 7610
2913 3988
2916 4381
2917 3886
2917 6409
2920 8048
2920 9111
2920 9569
2921 4130
2923 5005
2923 6868
2923 8475
2929 3397
2931 3445
2931 5504
2936 3627
2936 8623
2938 4843
2940 3614
2940 7567
2940 9011
2940 9417
2942 8678
2946 7822
2949 5769
2949 8349
2951 5868
2954 5582
2954 8406
2956 7131
2956 9904
2957 8324
2958 8588
2967 5602
2968 4922
2969 5804
2970 7244
2971 8207
2971 9904
2972 6711
2972 8475
2973 5755
2976 8008
2976 9463
2977 9814
2979 4594
2980 9332
2983 9315
2984 3094
2984 9698
2985 9770
2989 8430
2989 9830
2989 9984
2991 5058
2991 8228
2991 8368
2993 3395
2994 9935
2995 3689
2996 5226
2998 6196
2998 6354
2998 6541
2998 7980
2999 3017
2999 9446
3000 8747
3005 5995
3005 9395
3010 5872
3012 7808
3013 7272
3014 9008
3016 7269
3023 4644
3023 6871
3026 8032
3027 4451
3027 5469
3028 4735
3030 3524
3032 5291
3032 7461
3034 5058
3034 6449
3034 7932
3036 3625
3036 8633
3045 7187
3047 8377
3053 8874
3054 8151
3064 5317
3068 7252
3072 7949
3074 4830
3074 9706
3075 8764
3076 9086
3078 8081
3082 6246
3083 6521
3083 9555
3085 8607
3087 9424
3088 9951
3089 3533
3091 5403
3091 5992
3092 7287
3093 5160
3095 5832
3098 9431
3099 9815
3104 4833
3105 4770
3106 5750
3107 7126
3108 9586
3109 9947
3119 4050
3120 3708
3120 9576
3121 6362
3122 3318
3122 6667
3122 8868
3124 4050
3125 3312
3125 9584
3128 7117
3133 7804
3134 8437
3134 8473
3136 3232
3136 4605
3136 8569
3140 4873
3140 6031
3140 7743
3140 8746
3148 7316
3151 5289
3151 7453
3156 3264
3156 7621
3157 9560
3159 4174
3160 5118
3163 7945
3164 8035
3165 7623
3166 4875
3168 6664
3168 7269
3168 8488
3171 5960
3171 6386
3178 5172
3178 7405
3179 5286
3183 6589
3183 9569
3185 7004
3187 8457
3190 7241
3192 4320
3192 5061
3192 8107
3192 9097
3195 6657
3195 9664
3196 5972
3196 6819
3196 6949
3196 7220
3199 3550
3199 3608
3199 6637
3199 6730
3200 9446
3202 4350
3204 5191
3210 9395
3211 9363
3212 9752
3215 3691
3217 5807
3218 3264
3218 8004
3219 9336
3220 5328
3222 5751
3223 4725
3223 5765
3223 8731
3224 5001
3226 8159
3228 7535
3232 6343
3233 6078
3235 3794
3235 8021
3236 4988
3240 3970
3243 6043
3243 9119
3243 9245
3243 9985
3246 3430
3246 5503
3246 6091
3247 4687
3247 5462
3247 7638
3248 5505
3248 5554
3252 8524
3252 9276
3253 7662
3255 5317
3256 9604
3264 4139
3267 7481
3270 4758
3272 8374
3273 7560
3273 7952
3273 8537
3274 3954
3274 4941
3275 8362
3276 6358
3276 9163
3278 6258
3279 4757
3279 8938
3280 9719
3281 7713
3283 7066
3284 6817
3287 6104
3288 6060
3291 4648
3292 3990
3295 3666
3297 3576
3297 4460
3297 9573
3299 9916
3300 9455
3301 9231
3303 7234
3305 6715
3306 7580
3307 9062
3308 6988
3310 8588
3312 5994
3314 7126
3317 3519
3317 4050
3323 6393
3326 3588
3327 6906
3327 8276
3327 8730
3332 6201
3333 6713
3336 9873
3337 6032
3337 6585
3337 7911
3339 9211
3342 5405
3342 6861
3346 3708
3349 5587
3353 6195
3353 8806
3354 5248
3354 6533
3356 5786
3357 9129
3362 8358
3362 9050
3363 8664
3364 5044
3364 9219
3365 7247
3367 8373
3369 6075
3370 5962
3371 7136
3372 9305
3373 7232
3376 4634
3376 7121
3377 7085
3377 7779
3377 8546
3378 8602
3379 5349
3382 6771
3382 8579
3385 5681
3385 8104
3388 3553
3389 6006
3389 9778
3391 4433
3392 6947
3393 4838
3395 3454
3396 4400
3399 3479
3402 5980
3403 4435
3404 6050
3404 6354
3414 3912
3416 6344
3416 9753
3417 4393
3418 8398
3419 8925
3423 7463
3424 6277
3424 9539
3427 4917
3431 3486
3432 9974
3433 6206
3436 6631
3436 9553
3437 5624
3437 8583
3439 5337
3439 5682
3440 7059
3441 8720
3442 3598
3445 5748
3445 7446
3445 8361
3448 4216
3451 4735
3451 6548
3453 5049
3453 6958
3454 4022
3454 4308
3454 4722
3455 3727
3455 5801
3455 5980
3457 5048
3457 6068
3458 7695
3459 5678
3459 7628
3459 8070
3459 9943
3460 8958
3461 8464
3464 9885
3465 9948
3467 7336
3470 7458
3472 6009
3472 7443
3475 5123
3475 6289
3478 7153
3478 7475
3479 8464
3483 8906
3487 8387
3488 3505
3489 4647
3489 9489
3492 5546
3492 6123
3493 5129
3494 8586
3497 7079
3501 4707
3506 8208
3507 6686
3507 6876
3509 7072
3512 5820
3512 9310
3517 9874
3519 6850
3520 3939
3520 8541
3520 9495
3522 5089
3522 7993
3523 3589
3527 5114
3528 5023
3529 5540
3535 3808
3535 4523
3538 4197
3538 5037
3539 6047
3544 7841
3548 9849
3550 3767
3550 7757
3550 8627
3552 8279
3554 9646
3555 7329
3555 9965
3560 5287
3560 6964
3560 7024
3561 8001
3564 7134
3564 7455
3566 5040
3567 7567
3568 5774
3573 5215
3576 5143
3579 7668
3581 9029
3582 7825
3583 7136
3584 5129
3584 7340
3585 4103
3585 5464
3585 7051
3585 8988
3588 6905
3589 5916
3590 4204
3591 5312
3591 8967
3593 4316
3593 4991
3597 8386
3599 7930
3601 7336
3601 9659
3602 7159
3602 8076
3606 4828
3606 8158
3609 4238
3610 4808
3611 5580
3611 8219
3611 9507
3612 4827
3613 4467
3614 4336
3615 6135
3617 6310
3620 8621
3621 5985
3622 6666
3624 9636
3626 4253
3626 5469
3626 7321
3633 7506
3635 8510
3638 3701
3638 6499
3638 7024
3641 4603
3642 5380
3644 5538
3644 8798
3644 8941
3648 4381
3648 5966
3648 7512
3649 4213
3649 6811
3656 6613
3661 9012
3662 6551
3662 6553
3666 6436
3666 8706
3667 9958
3671 9322
3672 4388
3674 8546
3676 7791
3678 5924
3685 5077
3686 7435
3686 9183
3689 5484
3690 5340
3692 4640
3692 7119
3692 9486
3694 3895
3694 7518
3697 4124
3698 4222
3698 4968
3698 9490
3699 5423
3699 7781
3699 9040
3701 6364
3704 5933
3704 9951
3705 3859
3705 4294
3705 5932
3706 7082
3707 8476
3708 6047
3709 7401
3712 4743
3715 5310
3716 5910
3716 7748
3717 7759
3724 5436
3724 6861
3726 4016
3726 5114
3726 9247
3729 6252
3733 6104
3734 5817
3734 9146
3735 5444
3737 7855
3739 7411
3740 5667
3747 9645
3748 8179
3752 9244
3754 4995
3757 6871
3759 3957
3759 7686
3760 9989
3762 4613
3762 6775
3767 7085
3767 8117
3767 8560
3769 4825
3770 4086
3770 4712
3771 7011
3773 8737
3779 5811
3780 9797
3782 8892
3786 9206
3786 9474
3786 9733
3787 4361
3787 5321
3788 4089
3788 6132
3788 6892
3790 6797
3790 9673
3791 4127
3791 9924
3793 9600
3794 6567
3795 6246
3796 3857
3798 4343
3802 8012
3802 8647
3803 7509
3803 8586
3805 9514
3806 4862
3806 5991
3807 6956
3808 5633
3808 9657
3815 4093
3817 9672
3820 6210
3822 8059
3822 9933
3824 4665
3824 5446
3826 5328
3827 4065
3829 7642
3829 9948
3830 6409
3830 8842
3830 9964
3841 6556
3841 8900
3847 4855
3847 9199
3849 7603
3849 9703
3850 5327
3850 9266
3852 7434
3855 7319
3855 8112
3856 9142
3858 9530
3861 6811
3861 8418
3862 4244
3863 9805
3867 6260
3867 6300
3869 4615
3871 8963
3872 6402
3873 4913
3874 9275
3874 9350
3878 4529
3880 6464
3881 5440
3881 5542
3882 8389
3883 6958
3883 8168
3885 4352
3885 5198
3885 6287
3886 5122
3886 7140
3886 9788
3888 4104
3889 4085
3889 4247
3889 6321
3889 7894
3889 8862
3890 6325
3890 6531
3891 4025
3893 5935
3895 8730
3899 5253
3899 6627
3899 6693
3899 6764
3901 7737
3901 8602
3901 9054
3902 4304
3902 7826
3904 6854
3905 4380
3905 7131
3906 8469
3907 5106
3909 7648
3909 8502
3911 5897
3911 7038
3914 4166
3915 9545
3918 5131
3919 9622
3920 7561
3925 6236
3925 9377
3925 9888
3926 6450
3929 7984
3930 4870
3930 5891
3930 9328
3931 6955
3933 6835
3935 6409
3937 5932
3939 7024
3940 7243
3944 8070
3946 9103
3946 9164
3949 7665
3949 7680
3949 7866
3951 8700
3952 6090
3952 9907
3953 4725
3953 5317
3954 9994
3960 6255
3961 6433
3962 6174
3966 6471
3970 6378
3975 8550
3978 5590
3979 9130
3980 9211
3981 6756
3982 5928
3984 9786
3987 4968
3988 4963
3991 7953
3993 6627
3994 4661
3994 4662
3996 5058
3998 9201
4000 5753
4001 8343
4003 6488
4005 5434
4006 6145
4007 4823
4015 5470
4018 5751
4018 8372
4023 7800
4023 7926
4024 8358
4028 9412
4028 9911
4032 7213
4039 8364
4040 8346
4041 4342
4041 4931
4042 4552
4044 5523
4046 7841
4046 9649
4049 4254
4049 6552
4051 4238
4051 7286
4052 4465
4057 6772
4058 6772
4061 4379
4063 5848
4063 5856
4063 8501
4065 4148
4065 8890
4068 7274
4069 6485
4070 6861
4071 4884
4071 9833
4077 8016
4077 8376
4077 8756
4078 6827
4078 7274
4078 8271
4078 8814
4079 8814
4080 6062
4080 7889
4080 8553
4080 9365
4081 7637
4082 9475
4083 8524
4084 8943
4086 7000
4086 8271
4087 8212
4089 8966
4091 8321
4094 6583
4094 6851
4094 8200
4094 9907
4095 9595
4099 7585
4100 7393
4101 9168
4104 9879
4106 7794
4119 9292
4121 5235
4121 8586
4122 5147
4122 6649
4122 6838
4123 6348
4123 6532
4124 6528
4124 8086
4132 4850
4133 5493
4135 4995
4135 6125
4135 7330
4138 9348
4142 8589
4144 6870
4145 6750
4145 8936
4146 9713
4149 7367
4149 9301
4152 5720
4154 9505
4155 8169
4161 4302
4170 9713
4173 7801
4174 5573
4174 7885
4175 6657
4176 4765
4178 6148
4180 5338
4180 8403
4181 8437
4185 9456
4186 4907
4186 5239
4186 9949
4189 5084
4193 8663
4193 8720
4195 8658
4199 7003
4203 4413
4205 7829
4207 8036
4209 6824
4210 9028
4214 9568
4220 4619
4223 5085
4225 6348
4228 6362
4229 6316
4238 7650
4239 5303
4239 6802
4239 7245
4239 7936
4241 9501
4244 4564
4244 8771
4248 5295
4248 5713
4248 6656
4253 5904
4254 4468
4255 9160
4256 9904
4257 5578
4259 6420
4259 8813
4267 4647
4267 6194
4268 4574
4268 6366
4268 7732
4268 9944
4271 5615
4271 6586
4274 7535
4277 5509
4278 7489
4280 6832
4280 9377
4282 5964
4284 7979
4285 4797
4285 5461
4286 4859
4288 6910
4292 9808
4294 7685
4300 9573
4302 8944
4306 6381
4316 6445
4318 6250
4319 5126
4319 7859
4319 9694
4319 9973
4320 7018
4323 5433
4323 9972
4332 5792
4332 8545
4335 9965
4339 5203
4340 9833
4341 9580
4343 6046
4343 7789
4343 9461
4343 9463
4349 8860
4350 6079
4351 6929
4351 9728
4354 6599
4354 6643
4359 5916
4361 9897
4365 6701
4366 8292
4369 8151
4376 4840
4376 5600
4376 8743
4378 4584
4378 6426
4380 6911
4380 9121
4380 9971
4381 7260
4383 4679
4383 5040
4383 6507
4383 7487
4384 9461
4384 9961
4387 5248
4387 5757
4387 8386
4388 6962
4391 8611
4392 4774
4395 7655
4398 6163
4401 4871
4407 6576
4411 6305
4412 5092
4415 9111
4415 9993
4418 5328
4418 7302
4422 4774
4422 8014
4422 9679
4428 7695
4433 8061
4436 6505
4436 9297
4439 9619
4444 4468
4445 5259
4450 9078
4451 9153
4451 9922
4466 9716
4467 6641
4468 8319
4469 7176
4469 7389
4470 9483
4470 9871
4471 5092
4472 5189
4479 9451
4483 5524
4487 5645
4488 8253
4489 6205
4490 6604
4491 5210
4492 4941
4492 5365
4492 8673
4496 6977
4496 7271
4497 6867
4497 9523
4501 5163
4502 8117
4502 9056
4505 7687
4508 8671
4509 8929
4510 9948
4513 7019
4514 5259
4517 7964
4520 5548
4521 4899
4521 8172
4522 9539
4529 6195
4529 6742
4529 7702
4529 9586
4530 4988
4530 6745
4537 5632
4539 7114
4541 5386
4541 6676
4541 7639
4544 9360
4545 6086
4546 5712
4548 6044
4550 6089
4550 7807
4554 7601
4556 8503
4559 6629
4560 5610
4560 6746
4560 8912
4562 7127
4566 5019
4567 9157
4569 8180
4575 5821
4578 8063
4579 6997
4579 8557
4580 8557
4583 4938
4587 8627
4588 4732
4591 5123
4591 8521
4592 6394
4593 9077
4594 5147
4598 8398
4601 4844
4601 9810
4607 9468
4609 6077
4612 5328
4612 7509
4612 9587
4613 9251
4615 4696
4618 7828
4618 8480
4621 8908
4623 8141
4625 5317
4625 6999
4627 9673
4630 9077
4633 5058
4633 6566
4633 7099
4636 9211
4637 7158
4639 7893
4639 8555
4640 9202
4647 7144
4648 5869
4650 5030
4650 7187
4651 9797
4655 9745
4658 6374
4658 9732
4664 9261
4664 9975
4669 5284
4671 6314
4671 7241
4672 7362
4674 7894
4675 8765
4676 7489
4677 5142
4678 9104
4686 5848
4686 7701
4686 8149
4687 8448
4687 8930
4689 9777
4691 9777
4693 7847
4694 4850
4696 5741
4697 8813
4699 9843
4702 7162
4703 6764
4704 8466
4713 9288
4715 9694
4716 5305
4716 5810
4716 8777
4716 8894
4719 9191
4723 7727
4725 9079
4727 7408
4729 7289
4730 5419
4739 6751
4741 8875
4743 7974
4743 9874
4746 7601
4751 5415
4751 5631
4751 9389
4753 5393
4753 6695
4753 7466
4759 9297
4764 6535
4766 8385
4769 5115
4774 6047
4776 6360
4778 4799
4778 7190
4783 4920
4784 9057
4786 6305
4788 5040
4789 9248
4791 5762
4791 5789
4793 9935
4796 5018
4797 6357
4800 6411
4800 8921
4801 6548
4801 6921
4805 8447
4806 8964
4816 7152
4818 5454
4818 8576
4822 6178
4823 5431
4823 9644
4825 7317
4827 6172
4827 6662
4830 5816
4830 8524
4831 7611
4835 9927
4837 9432
4838 4918
4838 8868
4839 9725
4840 6243
4845 6051
4851 6936
4851 7551
4859 7544
4859 7545
4861 5675
4861 7785
4862 5083
4862 7325
4862 9240
4867 5957
4870 6102
4870 6828
4871 9724
4872 8440
4873 9233
4875 5603
4877 8533
4878 7786
4879 7113
4879 8353
4880 6663
4883 7132
4884 6436
4884 9403
4885 7267
4885 9142
4887 5233
4887 6555
4887 8806
4888 6906
4889 7146
4889 8360
4890 7326
4898 7699
4899 9990
4900 8618
4901 6967
4903 7389
4906 5704
4907 6863
4907 9309
4908 5737
4909 9316
4911 6455
4912 9135
4913 6000
4915 7615
4916 6450
4918 5747
4918 6456
4919 5039
4919 5570
4919 7155
4921 8358
4923 6495
4924 6791
4928 5116
4932 6483
4936 5203
4936 5841
4938 7115
4939 6131
4943 8976
4946 9403
4951 8855
4952 6811
4955 9646
4961 5491
4961 8580
4961 8622
4963 5259
4963 7748
4966 6394
4969 9141
4970 7387
4970 8342
4972 6638
4973 7663
4974 8731
4979 8439
4980 5540
4983 6349
4984 5188
4985 6861
4985 8647
4987 9508
4988 7135
4988 7509
4989 6236
4989 7388
4989 8403
4990 5534
4990 7997
4992 6298
4992 9900
4995 6353
4995 6444
4996 9098
5000 9888
5001 6607
5002 6790
5003 9005
5005 7805
5006 7012
5007 8381
5009 5425
5009 7346
5012 8496
5013 7788
5017 8503
5019 8888
5023 7834
5025 8973
5028 8159
5031 6325
5035 9724
5038 5092
5038 7265
5039 7542
5039 8439
5040 7816
5040 9387
5043 7547
5048 8597
5048 9668
5050 6219
5050 8737
5056 5330
5058 5402
5067 8269
5067 8718
5071 9280
5073 6244
5074 7884
5079 8650
5080 7923
5087 7420
5089 6217
5089 7825
5091 5295
5091 6317
5092 8987
5093 5609
5099 7422
5099 7602
5099 8250
5101 8604
5105 6387
5105 8312
5107 9394
5110 5308
5112 8604
5113 5829
5113 9033
5116 9601
5117 9154
5118 9451
5119 7220
5119 7744
5122 5425
5122 7153
5122 9312
5123 5636
5123 6168
5123 6989
5123 9603
5124 5928
5125 8789
5126 7155
5126 9490
5127 5130
5127 9276
5128 5335
5129 6055
5130 7600
5130 9495
5131 5484
5131 5762
5131 7970
5131 9296
5137 6960
5138 9639
5140 6564
5141 5272
5147 5373
5147 5640
5147 8071
5147 8718
5151 6892
5152 8320
5161 9241
5162 5741
5162 6984
5163 7862
5165 9108
5165 9888
5166 8021
5166 8172
5168 5326
5172 8884
5174 6642
5175 8278
5176 8463
5177 8364
5178 8178
5179 8021
5179 8418
5182 6307
5183 7530
5184 6155
5185 5281
5189 9415
5191 8092
5193 7473
5195 8283
5197 8454
5198 7442
5200 7933
5213 6714
5213 8113
5214 5648
5214 9481
5217 9014
5219 9173
5219 9517
5220 5648
5223 9011
5226 8863
5228 6107
5231 8745
5231 9591
5239 5373
5239 7918
5241 9052
5242 6237
5247 8086
5262 7423
5264 9085
5265 6774
5265 9936
5266 5319
5266 7152
5267 9762
5271 5332
5271 5409
5272 6396
5272 9241
5273 6406
5273 8435
5274 8721
5275 5619
5275 5953
5281 9953
5282 6007
5282 9561
5284 9816
5293 8546
5294 7362
5294 7675
5299 7005
5302 6719
5303 7234
5305 7045
5305 7278
5306 6196
5306 6292
5310 6296
5310 8457
5311 6466
5317 7043
5317 7167
5318 9676
5322 8520
5322 9078
5326 9129
5329 7330
5336 8913
5339 6267
5339 9701
5342 5929
5343 7874
5345 7196
5347 9819
5348 8844
5349 9442
5356 5396
5362 6390
5366 6297
5377 5781
5377 8655
5379 9728
5385 8117
5386 6859
5387 6715
5388 7073
5389 6583
5389 7922
5391 9514
5399 7147
5401 5587
5401 6989
5403 8254
5411 6550
5415 8108
5415 9607
5418 8419
5420 5627
5420 5957
5420 9578
5421 5512
5422 6089
5422 6911
5422 7620
5423 8939
5424 9946
5425 6497
5427 6653
5427 7231
5430 5775
5432 7790
5433 9439
5433 9822
5434 7748
5437 6055
5440 5535
5440 8439
5443 6214
5443 6925
5446 6164
5447 8582
5449 6421
5449 8418
5449 9626
5451 8543
5460 7006
5461 9741
5462 6479
5468 9527
5470 7005
5471 7697
5471 7834
5474 8429
5475 8131
5478 9954
5480 9300
5489 6567
5491 9314
5493 7629
5493 7636
5499 5574
5500 9275
5504 7329
5505 6555
5507 5886
5509 9435
5510 6247
5515 7679
5523 5775
5524 8617
5526 7509
5529 8696
5534 7749
5539 7667
5540 6185
5540 7121
5541 5763
5544 6155
5546 7340
5546 8731
5547 7654
5550 7139
5553 9873
5557 7571
5559 6729
5559 7957
5559 8442
5559 9928
5561 7220
5561 9214
5562 6778
5562 9920
5574 5996
5574 6851
5576 8530
5578 9296
5580 9247
5591 6630
5595 6788
5595 9930
5596 5915
5598 8618
5600 7899
5601 9701
5605 6714
5608 9865
5610 7042
5614 9221
5615 8074
5617 9595
5618 9487
5619 6217
5623 6459
5624 5705
5629 8022
5629 8264
5631 7918
5634 6374
5634 6960
5634 7463
5641 8149
5642 7671
5642 8819
5645 6465
5646 5927
5646 6428
5650 6281
5657 8030
5658 7318
5660 6547
5665 6858
5666 6920
5676 5952
5678 6058
5678 6452
5678 9533
5681 5899
5685 8354
5685 8653
5686 7329
5691 9519
5692 5857
5692 6500
5692 7553
5692 9417
5693 7754
5700 8530
5702 6061
5702 7604
5702 9752
5704 9278
5707 7187
5714 6191
5716 9389
5720 6450
5721 7754
5726 7964
5726 8341
5727 6618
5729 7841
5730 6298
5730 7620
5735 9897
5736 9059
5739 6154
5740 6436
5741 7508
5749 7289
5752 7892
5754 6973
5755 6542
5755 8892
5762 8999
5763 8131
5768 8150
5768 8316
5769 6250
5770 7073
5770 8418
5770 8818
5779 9473
5782 6515
5782 7343
5791 9792
5792 7475
5796 9782
5798 7030
5798 8631
5798 9161
5799 6632
5799 7335
5799 8986
5804 6154
5804 8839
5806 6312
5812 9466
5815 8010
5818 9843
5818 9950
5823 8293
5829 6496
5830 9987
5832 5927
5832 9935
5834 6637
5835 7606
5837 7983
5841 9515
5842 6714
5842 9235
5843 6312
5845 9422
5849 9759
5851 8200
5853 6570
5853 9042
5857 7528
5857 8726
5859 5959
5859 8326
5859 8842
5863 7214
5872 6353
5875 7161
5875 8690
5877 6840
5884 9227
5886 7744
5888 8043
5888 8462
5892 6809
5893 7469
5897 6713
5897 9028
5903 7898
5908 6447
5908 9690
5910 6496
5913 7903
5914 8788
5915 7267
5915 7274
5915 8021
5916 6784
5916 6976
5916 8099
5916 8550
5917 8324
5922 6155
5922 8570
5923 7319
5924 8016
5928 6533
5930 7225
5930 7617
5930 8646
5930 9067
5931 9233
5932 8813
5934 9332
5936 9350
5942 7193
5944 9810
5950 8533
5956 7025
5956 9655
5957 7207
5978 7830
5983 9848
5986 6591
5987 7858
5988 7522
5989 7030
5991 7161
5992 8181
5992 9251
5994 9134
5995 7854
5998 7861
5999 9705
6000 6862
6000 8652
6003 9195
6005 7441
6006 7130
6006 9631
6011 9809
6012 7267
6018 6456
6018 7601
6022 6446
6023 7483
6027 6179
6031 7273
6034 8545
6037 7990
6038 8119
6040 9887
6045 9657
6046 7637
6050 6064
6050 8243
6050 9628
6057 6785
6057 9920
6058 6426
6058 7206
6063 6528
6068 6276
6074 7330
6075 6362
6076 6936
6076 7753
6076 9551
6077 6721
6077 7035
6079 7426
6082 7546
6090 6160
6091 9935
6095 6989
6103 8196
6105 8073
6116 7816
6126 9993
6127 9765
6131 7335
6142 7959
6149 6175
6151 7695
6154 7032
6155 6874
6159 6876
6159 7878
6159 7990
6164 6815
6164 9470
6165 7765
6166 8290
6175 7050
6176 6880
6176 8859
6179 8656
6181 9163
6185 8396
6186 8270
6188 7509
6190 7957
6190 8165
6194 7315
6197 6450
6198 7285
6199 8993
6199 9265
6204 7721
6206 8826
6208 7937
6211 7390
6213 6956
6213 9213
6214 7017
6214 7591
6214 8719
6218 8663
6222 8531
6228 7735
6234 7159
6235 7339
6236 6395
6237 8191
6241 7880
6242 8233
6243 6653
6247 8495
6251 7948
6251 7988
6251 8656
6251 9451
6256 6604
6256 9880
6264 7492
6264 7834
6268 6609
6268 7605
6270 8516
6277 8047
6281 8484
6284 7193
6288 6376
6288 7029
6288 8879
6292 8727
6292 9558
6296 7492
6296 7727
6297 6426
6297 7671
6297 8382
6298 7781
6298 9846
6299 9431
6304 7871
6306 6443
6307 8765
6312 9023
6313 7976
6314 6828
6330 6967
6330 8775
6333 8700
6336 9541
6339 8772
6340 6843
6343 7025
6349 8837
6351 7653
6357 8718
6362 7626
6367 8335
6367 9486
6368 6734
6375 6832
6377 7150
6378 8162
6381 8292
6393 9568
6395 6654
6396 7024
6396 9769
6399 6604
6401 6700
6403 7806
6409 8826
6409 9289
6413 9920
6417 9699
6424 6808
6426 6995
6426 9388
6428 8778
6440 8086
6450 7600
6452 8825
6452 8915
6453 7792
6453 9581
6454 8593
6463 7652
6464 8338
6466 7260
6476 7675
6476 9756
6477 8908
6481 9568
6484 7673
6484 7990
6486 6957
6495 8756
6497 9904
6500 6834
6505 9289
6506 7044
6509 7035
6509 7719
6509 7723
6509 9207
6515 9085
6521 8605
6523 6604
6523 7433
6528 8100
6528 9559
6528 9560
6529 8933
6536 7662
6540 6969
6541 6684
6547 8432
6552 6579
6552 9389
6554 9392
6555 9420
6557 7096
6557 7506
6557 9098
6557 9355
6562 8021
6563 9679
6566 8780
6570 7358
6573 7869
6576 7851
6577 9883
6578 8087
6583 8101
6585 9500
6587 7022
6587 8297
6588 9949
6590 7106
6590 9904
6597 7334
6601 6905
6601 6955
6604 7715
6604 9987
6609 9097
6611 9214
6614 8949
6618 9705
6633 9307
6642 6784
6647 9822
6649 7299
6652 8078
6654 6897
6655 8529
6657 9202
6659 8082
6663 7801
6665 7217
6667 9400
6668 8596
6669 7556
6674 9623
6677 9262
6686 8958
6703 9779
6706 7512
6714 7778
6715 9790
6720 7503
6720 8469
6729 6865
6731 8418
6731 9745
6732 9174
6733 8457
6734 8586
6739 8800
6740 9060
6742 9545
6747 7023
6747 7102
6750 9646
6751 7361
6751 9143
6754 7273
6760 7524
6765 8238
6769 8831
6770 7346
6770 7625
6771 7707
6771 8707
6772 8917
6773 9400
6775 8738
6779 7577
6797 8412
6797 9264
6798 9455
6803 8504
6804 7140
6804 8489
6805 6920
6807 6819
6807 7975
6808 6819
6815 9700
6817 7926
6818 9773
6825 8811
6827 9338
6828 7433
6832 7561
6834 9662
6837 7279
6841 7984
6843 9953
6843 9954
6851 7031
6854 8063
6854 8350
6861 9006
6861 9175
6862 9035
6866 7293
6867 8172
6868 7644
6870 7141
6870 8762
6872 8208
6876 7411
6878 8221
6878 8563
6879 7739
6882 6891
6882 8038
6886 7206
6886 7984
6892 8956
6899 7653
6899 8467
6901 9297
6904 9130
6905 7181
6905 8143
6906 7887
6911 7768
6913 9352
6919 8685
6919 9094
6926 9214
6926 9532
6929 8356
6933 7752
6934 8990
6937 8470
6947 8939
6949 8310
6951 8748
6951 9138
6952 8062
6962 8516
6962 8652
6964 8189
6984 7456
6988 8065
6988 9275
6999 9015
7007 9111
7012 7306
7020 8212
7024 7655
7024 7699
7027 7676
7027 9582
7031 7434
7032 8844
7038 7219
7042 9098
7050 7887
7059 9529
7069 8687
7069 8942
7074 7084
7075 7382
7095 8492
7109 7918
7111 8463
7116 7829
7119 9104
7123 7545
7123 7885
7123 8669
7134 9492
7136 7576
7137 8603
7138 8639
7141 9102
7144 7226
7146 7217
7146 7538
7148 9014
7149 9929
7155 7688
7161 7915
7162 8548
7171 9456
7178 9154
7191 7240
7196 8225
7197 8097
7213 7878
7219 7829
7220 7762
7229 8189
7232 9937
7247 9374
7251 9124
7253 8157
7260 8095
7261 7800
7262 7265
7263 9455
7268 8151
7268 8165
7268 8271
7269 8208
7277 9340
7278 8819
7279 8844
7282 8977
7291 7542
7302 9658
7305 8293
7309 8870
7315 9811
7324 8280
7328 8337
7329 9876
7330 9666
7331 8461
7332 8461
7334 8283
7336 7493
7336 7639
7342 9267
7346 7680
7351 9335
7354 8338
7356 7371
7364 9789
7365 8410
7371 8496
7378 8326
7384 8149
7385 7704
7387 9852
7388 8761
7389 9217
7390 8215
7400 7897
7402 8730
7419 9557
7423 8252
7426 8918
7427 8440
7427 9486
7437 9499
7442 7844
7445 9566
7463 7466
7464 7767
7469 8584
7474 8374
7476 7537
7481 8713
7486 8594
7494 7575
7508 8813
7512 7917
7512 8749
7516 9055
7518 8735
7518 9974
7524 8359
7533 9799
7534 8812
7534 9509
7540 8702
7541 7596
7545 9446
7547 8553
7547 9056
7560 9950
7567 9629
7567 9974
7570 9806
7577 8787
7578 8678
7596 8193
7598 9280
7607 8988
7614 8464
7619 8359
7620 9834
7622 8431
7626 7695
7635 8086
7636 7971
7639 7855
7646 9036
7648 8618
7651 9219
7658 9157
7659 7829
7668 8378
7670 8067
7670 8609
7674 8677
7675 9949
7684 8076
7684 8419
7695 8751
7697 9701
7699 8054
7713 8452
7713 9901
7715 7971
7723 9243
7749 8524
7752 7862
7752 8852
7754 7811
7756 7906
7760 8151
7768 7876
7774 9696
7782 9581
7784 9465
7790 9407
7796 9399
7805 8533
7806 9972
7809 9130
7810 7915
7810 9521
7810 9833
7816 9405
7822 9485
7825 9884
7828 9461
7829 9913
7831 9461
7834 8743
7834 9281
7838 8595
7851 9123
7854 8256
7854 8790
7858 9491
7861 9528
7862 8045
7866 9829
7870 7913
7892 7960
7894 9569
7894 9726
7899 9442
7903 8702
7915 8551
7918 8046
7918 8496
7920 8975
7923 8586
7923 9353
7950 9346
7953 8512
7958 8115
7959 8206
7959 9389
7960 9820
7961 8621
7961 9232
7963 8130
7964 8921
7968 8708
7981 9042
7983 8540
7983 9265
7986 9012
8004 9434
8012 8868
8016 9010
8016 9856
8017 9460
8025 8921
8026 8915
8031 9248
8032 8236
8033 8690
8035 8650
8037 8240
8043 9436
8044 8636
8048 8658
8053 8469
8058 8952
8059 9429
8066 8657
8070 8546
8070 9287
8074 9473
8087 9486
8088 8115
8092 8560
8097 9893
8101 8135
8104 9812
8105 8881
8110 8719
8111 9132
8112 8672
8115 9473
8124 8271
8138 9424
8145 9716
8151 9601
8153 8263
8157 8252
8169 8707
8173 9011
8183 9868
8184 9613
8185 9716
8190 8552
8194 9229
8200 9788
8211 9861
8216 8504
8217 8504
8221 9530
8222 8711
8230 8658
8237 9426
8243 8962
8250 9515
8251 9028
8253 9087
8254 9954
8255 9646
8262 9836
8268 8720
8273 9732
8280 9654
8284 9486
8287 8371
8292 9402
8298 9603
8310 8456
8313 9551
8313 9901
8315 9225
8326 9461
8334 9191
8339 9057
8339 9851
8341 9154
8343 8846
8344 9792
8345 9893
8350 8630
8358 8593
8360 8410
8367 9349
8369 8418
8378 9314
8392 9174
8396 9271
8404 8621
8418 8989
8421 9368
8429 9836
8438 9775
8439 9675
8442 8931
8442 9868
8445 9157
8447 8534
8451 9888
8453 8874
8453 9102
8462 9475
8465 8763
8476 8902
8492 8768
8496 9104
8503 9852
8504 9398
8506 8654
8507 9492
8530 9503
8534 9938
8537 8896
8537 9058
8539 8604
8545 8605
8545 8649
8551 9072
8577 9925
8579 8580
8609 9276
8624 8962
8628 9198
8630 8747
8634 9167
8642 8888
8650 9759
8655 9453
8656 9990
8674 9454
8715 9459
8719 8881
8720 9003
8720 9674
8734 9442
8737 9077
8741 9026
8741 9215
8743 8992
8746 9112
8753 9306
8765 9586
8771 9978
8775 9836
8778 9329
8779 9020
8800 9052
8801 9132
8803 9609
8816 9163
8818 9325
8818 9454
8825 9179
8829 9454
8836 9768
8842 9455
8850 9877
8864 9503
8864 9675
8867 9514
8872 9008
8874 9460
8875 9800
8881 8942
8891 9954
8892 9326
8895 9933
8896 9184
8915 9791
8920 9880
8930 9315
8950 9149
8968 9056
8971 9342
8974 9678
8990 9704
8992 9471
9009 9157
9024 9280
9049 9086
9055 9311
9055 9761
9079 9490
9086 9393
9089 9336
9089 9549
9096 9632
9104 9869
9124 9360
9130 9415
9144 9814
9163 9658
9163 9669
9201 9943
9219 9946
9242 9698
9267 9799
9297 9662
9297 9701
9299 9743
9300 9575
9303 9876
9314 9733
9322 9447
9360 9363
9360 9555
9360 9914
9377 9747
9393 9814
9405 9692
9412 9975
9421 9447
9448 9841
9471 9565
9514 9753
9520 9580
9530 9796
9533 9888
9535 9704
9553 9668
9580 9850
9644 9659
9797 9801
9848 9976
9968 9971
